 -1
 67
 51
 55
 68
 82
 84
 55
 45
 77
 73
 66
 57
 56
 84
 79
 68
 70
 78
 71
 66
 82
 64
 89
 65
 72
 97
 74
 50
 73
 76
 89
 72
 -1
 87
 91
 86
 50
 96
 78
 74
 57
 55
 70
 86
 98
 75
 57
 65
 66
 -1
 -1
 72
 53
 86
 81
 55
 99
 57
 71
 40
 55
 88
 70
 71
 65
 75
 40
 48
 95
 -1
 88
 54
 46
 83
 63
 63
 79
 50
 85
 64
 63
 60
 59
 65
 74
 66
 72
 70
 76
 77
 76
 78
 37
 88
 88
 66
 54
 -1
 88
 66
 87
 79
 90
 64
 66
 63
 80
 75
 64
 85
 62
 -1
 38
 72
 52
 -1
 -1
 58
 73
 74
 95
 51
 43
 62
 50
 89
 57
 77
 61
 70
 78
 51
 69
 61
 64
 62
 68
 82
 82
 45
 97
 95
 86
 51
 97
 66
 78
 92
 37
 91
 60
 62
 71
 65
 52
 51
 58
 89
 58
 58
 68
 91
 69
 62
 82
 78
 70
 88
 69
 52
 67
 67
 65
 71
 85
 98
 76
 98
 69
 58
 86
 47
 63
 47
 73
 56
 67
 59
 66
 83
 82
 65
 71
 58
 67
 91
 57
 61
 68
 60
 82
 48
 97
 -1
 50
 98
 61
 83
 84
 47
 61
 89
 72
 79
 50
 38
 70
 76
 52
 80
 35
 57
 49
 53
 61
 54
 74
 50
 84
 65
 66
 93
 64
 76
 55
 71
 76
 78
 44
 85
 74
 76
 72
 64
 72
 69
 77
 59
 50
 23
 85
 68
 48
 44
 51
 52
 85
 52
 86
 73
 63
 63
 97
 73
 61
 80
 99
 58
 65
 74
 52
 46
 73
 47
 54
 71
 67
 87
 77
 88
 34
 79
 69
 81
 73
 59
 41
 75
 78
 55
 39
 -1
 42
 92
 77
 47
 80
 62
 71
