0.000000 1.000000
0.017453 1.000000
0.034907 0.999391
0.052360 0.998629
0.069813 0.997563
0.087266 0.996192
0.104720 0.994517
0.121869 0.992537
0.139173 0.990252
0.156434 0.987663
0.173647 0.984769
0.190807 0.981571
0.207908 0.978068
0.224946 0.974260
0.241915 0.970147
0.258809 0.965731
0.275623 0.961009
0.292353 0.956306
0.308992 0.951058
0.325535 0.945520
0.341977 0.939695
0.358313 0.933584
0.374537 0.927188
0.390645 0.920511
0.406630 0.913553
0.422487 0.906317
0.438212 0.898806
0.453798 0.891022
0.469241 0.882966
0.484534 0.874643
0.500002 0.866054
0.515041 0.857202
0.529923 0.848090
0.544643 0.838721
0.559198 0.829098
0.573583 0.819224
0.587793 0.809102
0.601824 0.798735
0.615673 0.788128
0.629334 0.777283
0.642804 0.766204
0.656078 0.754894
0.669153 0.743358
0.682025 0.731599
0.694689 0.719622
0.707143 0.707103
0.719382 0.694654
0.731403 0.681993
0.743202 0.669125
0.754775 0.656052
0.766120 0.642779
0.777233 0.629311
0.788110 0.615650
0.798749 0.601802
0.809146 0.587770
0.819299 0.573559
0.829204 0.559172
0.838859 0.544615
0.848261 0.529892
0.857407 0.515007
0.866295 0.499965
0.874615 0.484769
0.882942 0.469426
0.891000 0.453938
0.898787 0.438312
0.906299 0.422551
0.913536 0.406661
0.920494 0.390646
0.927171 0.374510
0.933566 0.358260
0.939676 0.341899
0.945500 0.325433
0.951035 0.308865
0.956281 0.292203
0.961235 0.275449
0.965895 0.258609
0.970261 0.241689
0.974331 0.224692
0.978104 0.207625
0.981578 0.190816
0.984753 0.173656
0.987627 0.156443
0.990200 0.139183
0.992470 0.121880
0.994437 0.104541
0.996101 0.087170
0.997460 0.069772
0.998514 0.052354
0.999263 0.034919
0.999706 0.017475
